64 64
64
1
Resources/Images/Tiles/tilesheet3.png
0 128 192 1 0 3 0
0 0 0 0 0 4 0
0 0 0 0 0 5 0
0 0 0 0 0 6 0
0 0 0 0 0 7 0
0 256 128 0 0 7 0
0 0 0 0 0 8 0
0 0 0 0 0 9 0
0 128 192 1 0 10 0
0 384 64 0 0 11 0
0 384 64 0 0 12 0
0 384 64 0 0 13 0
0 128 192 1 0 14 0
0 128 192 1 1 3 0
0 64 0 0 1 4 0
0 0 0 0 1 5 0
0 0 0 0 1 6 0
0 0 0 0 1 7 0
0 0 0 0 1 8 0
0 0 0 0 1 9 0
0 128 128 0 1 9 0
0 128 192 1 1 10 0
0 384 64 0 1 11 0
0 384 64 0 1 12 0
0 384 64 0 1 13 0
0 128 192 1 1 14 0
0 128 192 1 2 3 0
0 0 0 0 2 4 0
0 128 0 0 2 5 0
0 0 0 0 2 6 0
0 0 0 0 2 7 0
0 128 0 0 2 8 0
0 192 128 0 2 8 0
0 0 0 0 2 9 0
0 128 192 1 2 10 0
0 384 64 0 2 11 0
0 384 64 0 2 12 0
0 384 64 0 2 13 0
0 128 192 1 2 14 0
0 128 192 1 3 3 0
0 0 0 0 3 4 0
0 0 0 0 3 5 0
0 0 0 0 3 6 0
0 0 0 0 3 7 0
0 0 0 0 3 8 0
0 0 0 0 3 9 0
0 0 64 0 3 10 0
0 384 64 0 3 11 0
0 384 64 0 3 12 0
3 192 320 0 0 1 5 100 1 3 12 0
0 384 64 0 3 13 0
0 128 192 1 3 14 0
0 128 192 1 4 3 0
0 0 0 0 4 4 0
0 0 0 0 4 5 0
0 64 0 0 4 6 0
0 0 0 0 4 7 0
0 0 0 0 4 8 0
0 0 0 0 4 9 0
0 128 192 1 4 10 0
0 384 64 0 4 11 0
0 384 64 0 4 12 0
0 384 64 0 4 13 0
0 128 192 1 4 14 0
0 128 192 1 5 3 0
0 0 0 0 5 4 0
0 128 0 0 5 5 0
0 192 128 0 5 5 0
0 0 0 0 5 6 0
0 0 0 0 5 7 0
0 0 0 0 5 8 0
0 64 0 0 5 9 0
0 256 128 0 5 9 0
0 192 128 0 5 9 0
0 128 192 1 5 10 0
0 384 64 0 5 11 0
0 384 64 0 5 12 0
0 384 64 0 5 13 0
0 128 192 1 5 14 0
0 128 192 1 6 3 0
0 0 0 0 6 4 0
0 0 0 0 6 5 0
0 0 0 0 6 6 0
0 0 0 0 6 7 0
0 0 0 0 6 8 0
0 0 0 0 6 9 0
0 128 192 1 6 10 0
0 384 64 0 6 11 0
0 384 64 0 6 12 0
0 384 64 0 6 13 0
0 128 192 1 6 14 0
0 128 192 1 7 3 0
0 64 0 0 7 4 0
0 0 0 0 7 5 0
0 0 0 0 7 6 0
0 0 0 0 7 7 0
0 0 0 0 7 8 0
0 0 0 0 7 9 0
0 128 192 1 7 10 0
0 384 64 0 7 11 0
0 384 64 0 7 12 0
0 384 64 0 7 13 0
0 128 192 1 7 14 0
0 128 192 1 8 3 0
0 0 0 0 8 4 0
0 128 128 0 8 4 0
0 0 0 0 8 5 0
0 256 128 0 8 5 0
0 0 0 0 8 6 0
0 0 0 0 8 7 0
0 128 128 0 8 7 0
0 128 0 0 8 8 0
0 0 0 0 8 9 0
0 128 192 1 8 10 0
0 384 64 0 8 11 0
0 384 64 0 8 12 0
0 384 64 0 8 13 0
0 128 192 1 8 14 0
0 128 192 1 9 3 0
0 64 320 1 9 4 0
0 64 320 1 9 5 0
0 64 320 1 9 6 0
0 64 320 1 9 7 0
0 64 320 1 9 8 0
0 64 320 1 9 9 0
0 128 192 1 9 10 0
0 384 64 0 9 11 0
0 384 64 0 9 12 0
0 384 64 0 9 13 0
0 128 192 1 9 14 0
0 128 192 1 10 10 0
0 384 64 0 10 11 0
0 384 64 0 10 12 0
0 384 64 0 10 13 0
0 128 192 1 10 14 0
0 128 192 1 11 10 0
0 384 64 0 11 11 0
0 384 64 0 11 12 0
0 384 64 0 11 13 0
0 128 192 1 11 14 0
0 128 192 1 12 10 0
0 384 64 0 12 11 0
0 384 64 0 12 12 0
0 384 64 0 12 13 0
0 128 192 1 12 14 0
0 128 192 1 13 10 0
0 384 64 0 13 11 0
0 384 64 0 13 12 0
0 384 64 0 13 13 0
0 128 192 1 13 14 0
0 128 192 1 14 10 0
0 384 64 0 14 11 0
0 384 64 0 14 12 0
0 384 64 0 14 13 0
0 128 192 1 14 14 0
0 128 192 1 15 10 0
0 384 64 0 15 11 0
0 384 64 0 15 12 0
0 384 64 0 15 13 0
0 128 192 1 15 14 0
0 128 192 1 16 10 0
0 384 64 0 16 11 0
0 384 64 0 16 12 0
0 384 64 0 16 13 0
0 128 192 1 16 14 0
0 128 192 1 17 10 0
0 384 64 0 17 11 0
0 384 64 0 17 12 0
0 384 64 0 17 13 0
0 128 192 1 17 14 0
0 128 192 1 18 10 0
0 384 64 0 18 11 0
0 384 64 0 18 12 0
0 384 64 0 18 13 0
0 128 192 1 18 14 0
0 128 192 1 19 10 0
0 384 64 0 19 11 0
0 384 64 0 19 12 0
0 384 64 0 19 13 0
0 128 192 1 19 14 0
0 128 192 1 20 10 0
0 384 64 0 20 11 0
0 384 64 0 20 12 0
0 384 64 0 20 13 0
0 128 192 1 20 14 0
0 128 192 1 21 10 0
0 384 64 0 21 11 0
0 384 64 0 21 12 0
0 384 64 0 21 13 0
0 128 192 1 21 14 0
0 128 192 1 22 10 0
0 384 64 0 22 11 0
0 384 64 0 22 12 0
0 384 64 0 22 13 0
0 128 192 1 22 14 0
0 128 192 1 23 10 0
0 128 192 1 23 14 0
